0.76500000000000001 0.52000000000000002 0.17000000000000001 -0.16500000000000001 -0.36499999999999999 -0.435 -0.42499999999999999 -0.37 -0.33000000000000002 -0.32500000000000001 -0.33500000000000002
-0.34499999999999997 -0.33000000000000002 -0.33500000000000002 -0.33500000000000002 -0.34499999999999997 -0.34499999999999997 -0.35499999999999998 -0.34000000000000002 -0.34000000000000002 -0.33500000000000002 -0.33000000000000002
0.16500000000000001 -0.11 -0.27000000000000002 -0.39000000000000001 -0.45000000000000001 -0.47499999999999998 -0.45500000000000002 -0.42499999999999999 -0.39000000000000001 -0.39000000000000001 -0.38500000000000001
-0.33000000000000002 -0.32000000000000001 -0.33500000000000002 -0.33000000000000002 -0.34499999999999997 -0.33000000000000002 -0.33500000000000002 -0.33500000000000002 -0.34499999999999997 -0.34499999999999997 -0.35499999999999998
0.95999999999999996 0.84999999999999998 0.52000000000000002 0.050000000000000003 -0.32000000000000001 -0.5 -0.505 -0.44500000000000001 -0.41499999999999998 -0.39500000000000002 -0.39000000000000001
-0.34999999999999998 -0.34499999999999997 -0.33000000000000002 -0.32000000000000001 -0.33500000000000002 -0.33000000000000002 -0.34499999999999997 -0.33000000000000002 -0.33500000000000002 -0.33500000000000002 -0.34499999999999997
0.85999999999999999 0.77000000000000002 0.47499999999999998 0.065000000000000002 -0.30499999999999999 -0.5 -0.52000000000000002 -0.47499999999999998 -0.40999999999999998 -0.39000000000000001 -0.39000000000000001
-0.34999999999999998 -0.34499999999999997 -0.33000000000000002 -0.32000000000000001 -0.33500000000000002 -0.33000000000000002 -0.34499999999999997 -0.33000000000000002 -0.33500000000000002 -0.33500000000000002 -0.34499999999999997
0.78000000000000003 0.53500000000000003 0.14499999999999999 -0.20000000000000001 -0.41999999999999998 -0.5 -0.47999999999999998 -0.45000000000000001 -0.40999999999999998 -0.40000000000000002 -0.39000000000000001
-0.34999999999999998 -0.34499999999999997 -0.33000000000000002 -0.32000000000000001 -0.33500000000000002 -0.33000000000000002 -0.34499999999999997 -0.33000000000000002 -0.33500000000000002 -0.33500000000000002 -0.34499999999999997
0.79500000000000004 0.52000000000000002 0.13 -0.215 -0.42499999999999999 -0.5 -0.48999999999999999 -0.45000000000000001 -0.40000000000000002 -0.39000000000000001 -0.39500000000000002
-0.33000000000000002 -0.34499999999999997 -0.33000000000000002 -0.33500000000000002 -0.33500000000000002 -0.34499999999999997 -0.34499999999999997 -0.35499999999999998 -0.34000000000000002 -0.34000000000000002 -0.33500000000000002
0.92000000000000004 0.77500000000000002 0.44500000000000001 0.02 -0.29499999999999998 -0.44500000000000001 -0.46999999999999997 -0.42499999999999999 -0.38 -0.35999999999999999 -0.35999999999999999
-0.40500000000000003 -0.42499999999999999 -0.42499999999999999 -0.40500000000000003 -0.39500000000000002 -0.40500000000000003 -0.40500000000000003 -0.41499999999999998 -0.40500000000000003 -0.38500000000000001 -0.39000000000000001
-0.35499999999999998 -0.34999999999999998 -0.34000000000000002 -0.33000000000000002 -0.34000000000000002 -0.34000000000000002 -0.34000000000000002 -0.33000000000000002 -0.33500000000000002 -0.33000000000000002 -0.33500000000000002
0.22500000000000001 -0.070000000000000007 -0.28499999999999998 -0.42499999999999999 -0.5 -0.55000000000000004 -0.53500000000000003 -0.5 -0.46500000000000002 -0.45000000000000001 -0.45000000000000001
-0.33500000000000002 -0.33500000000000002 -0.34499999999999997 -0.34499999999999997 -0.35499999999999998 -0.34000000000000002 -0.34000000000000002 -0.33500000000000002 -0.33000000000000002 -0.34999999999999998 -0.34999999999999998
0.82999999999999996 0.57999999999999996 0.185 -0.20499999999999999 -0.45000000000000001 -0.52500000000000002 -0.495 -0.46500000000000002 -0.435 -0.41499999999999998 -0.41499999999999998
-0.33500000000000002 -0.33000000000000002 -0.34499999999999997 -0.33000000000000002 -0.33500000000000002 -0.33500000000000002 -0.34499999999999997 -0.34499999999999997 -0.35499999999999998 -0.34000000000000002 -0.34000000000000002
